142235070,HTTP Request	6286,40,0,0,1238730,123,0,0,157,-1
142235071,HTTP Request	48193,41,0,0,9223600,922,0,0,1169,-1
142235072,HTTP Request	48348,41,0,0,9144738,914,0,0,1159,-1
142235073,HTTP Request	47974,41,0,0,9034297,903,0,0,1145,-1
142235074,HTTP Request	48649,41,0,0,9318280,931,0,0,1181,-1
142235075,HTTP Request	49261,50,0,0,7740280,774,0,0,981,-1
142235076,HTTP Request	48924,47,0,0,8087440,808,0,0,1025,-1
142235077,HTTP Request	49396,52,0,0,7479910,747,0,0,948,-1
142235078,HTTP Request	49237,44,0,0,8647630,864,0,0,1096,-1
142235079,HTTP Request	48949,43,0,0,8844899,884,0,0,1121,-1
142235080,HTTP Request	49389,50,0,0,7685050,768,0,0,974,-1
142235081,HTTP Request	49362,46,0,0,8300489,830,0,0,1052,-1
142235082,HTTP Request	49253,43,0,0,8971177,897,0,0,1137,-1
142235083,HTTP Request	48870,47,0,0,8047990,804,0,0,1020,-1
142235084,HTTP Request	48809,59,0,0,6422593,642,0,0,814,-1
142235085,HTTP Request	40585,56,0,0,5712512,571,0,0,724,-1
142235086,HTTP Request	42756,56,0,0,5964935,596,0,0,756,-1
142235087,HTTP Request	49414,46,0,0,8355776,835,0,0,1059,-1
142235088,HTTP Request	49347,41,0,0,9270959,927,0,0,1175,-1
142235089,HTTP Request	49485,45,0,0,8639740,863,0,0,1095,-1
142235090,HTTP Request	49412,44,0,0,8789650,878,0,0,1114,-1
142235091,HTTP Request	49450,43,0,0,8979105,897,0,0,1138,-1
142235092,HTTP Request	49361,44,0,0,8821210,882,0,0,1118,-1
142235093,HTTP Request	49597,48,0,0,8134780,813,0,0,1031,-1
142235094,HTTP Request	49616,52,0,0,7440460,744,0,0,943,-1
142235095,HTTP Request	49453,43,0,0,8915890,891,0,0,1130,-1
142235096,HTTP Request	49326,46,0,0,8410930,841,0,0,1066,-1
142235097,HTTP Request	49368,47,0,0,8237350,823,0,0,1044,-1
142235098,HTTP Request	48640,44,0,0,8616070,861,0,0,1092,-1
142235099,HTTP Request	49323,49,0,0,7921750,792,0,0,1004,-1
142235100,HTTP Request	49395,45,0,0,8497815,849,0,0,1077,-1
142235101,HTTP Request	49803,46,0,0,8410930,841,0,0,1066,-1
142235102,HTTP Request	49068,42,0,0,9065800,906,0,0,1149,-1
142235103,HTTP Request	49454,44,0,0,8671300,867,0,0,1099,-1
142235104,HTTP Request	49346,45,0,0,8584529,858,0,0,1088,-1
142235105,HTTP Request	49319,46,0,0,8371518,837,0,0,1061,-1
142235106,HTTP Request	49461,45,0,0,8537208,853,0,0,1082,-1
142235107,HTTP Request	49526,44,0,0,8789650,878,0,0,1114,-1
142235108,HTTP Request	49438,42,0,0,9231490,923,0,0,1170,-1
142235109,HTTP Request	49417,43,0,0,8923818,892,0,0,1131,-1
142235110,HTTP Request	49401,45,0,0,8600347,860,0,0,1090,-1
142235111,HTTP Request	48846,46,0,0,8324140,832,0,0,1055,-1
142235112,HTTP Request	37860,43,102,51,6864433,686,4584,0,870,2
142235070,JAVA Request	6286,40,0,0,1238730,123,0,0,157,-1
142235071,JAVA Request	48193,41,0,0,9223600,922,0,0,1169,-1
142235072,JAVA Request	48348,41,0,0,9144738,914,0,0,1159,-1
142235073,JAVA Request	47974,41,0,0,9034297,903,0,0,1145,-1
142235074,JAVA Request	48649,41,0,0,9318280,931,0,0,1181,-1
142235075,JAVA Request	49261,50,0,0,7740280,774,0,0,981,-1
142235076,JAVA Request	48924,47,0,0,8087440,808,0,0,1025,-1
142235077,JAVA Request	49396,52,0,0,7479910,747,0,0,948,-1
142235078,JAVA Request	49237,44,0,0,8647630,864,0,0,1096,-1
142235079,JAVA Request	48949,43,0,0,8844899,884,0,0,1121,-1
142235080,JAVA Request	49389,50,0,0,7685050,768,0,0,974,-1
142235081,JAVA Request	49362,46,0,0,8300489,830,0,0,1052,-1
142235082,JAVA Request	49253,43,0,0,8971177,897,0,0,1137,-1
142235083,JAVA Request	48870,47,0,0,8047990,804,0,0,1020,-1
142235084,JAVA Request	48809,59,0,0,6422593,642,0,0,814,-1
142235085,JAVA Request	40585,56,0,0,5712512,571,0,0,724,-1
142235086,JAVA Request	42756,56,0,0,5964935,596,0,0,756,-1
142235087,JAVA Request	49414,46,0,0,8355776,835,0,0,1059,-1
142235088,JAVA Request	49347,41,0,0,9270959,927,0,0,1175,-1
142235089,JAVA Request	49485,45,0,0,8639740,863,0,0,1095,-1
142235090,JAVA Request	49412,44,0,0,8789650,878,0,0,1114,-1
142235091,JAVA Request	49450,43,0,0,8979105,897,0,0,1138,-1
142235092,JAVA Request	49361,44,0,0,8821210,882,0,0,1118,-1
142235093,JAVA Request	49597,48,0,0,8134780,813,0,0,1031,-1
142235094,JAVA Request	49616,52,0,0,7440460,744,0,0,943,-1
142235095,JAVA Request	49453,43,0,0,8915890,891,0,0,1130,-1
142235096,JAVA Request	49326,46,0,0,8410930,841,0,0,1066,-1
142235097,JAVA Request	49368,47,0,0,8237350,823,0,0,1044,-1
142235098,JAVA Request	48640,44,0,0,8616070,861,0,0,1092,-1
142235099,JAVA Request	49323,49,0,0,7921750,792,0,0,1004,-1
142235100,JAVA Request	49395,45,0,0,8497815,849,0,0,1077,-1
142235101,JAVA Request	49803,46,0,0,8410930,841,0,0,1066,-1
142235102,JAVA Request	49068,42,0,0,9065800,906,0,0,1149,-1
142235103,JAVA Request	49454,44,0,0,8671300,867,0,0,1099,-1
142235104,JAVA Request	49346,45,0,0,8584529,858,0,0,1088,-1
142235105,JAVA Request	49319,46,0,0,8371518,837,0,0,1061,-1
142235106,JAVA Request	49461,45,0,0,8537208,853,0,0,1082,-1
142235107,JAVA Request	49526,44,0,0,8789650,878,0,0,1114,-1
142235108,JAVA Request	49438,42,0,0,9231490,923,0,0,1170,-1
142235109,JAVA Request	49417,43,0,0,8923818,892,0,0,1131,-1
142235110,JAVA Request	49401,45,0,0,8600347,860,0,0,1090,-1
142235111,JAVA Request	48846,46,0,0,8324140,832,0,0,1055,-1
142235112,JAVA Request	37860,43,102,51,6864433,686,4584,0,870,2